이순신 213210004 90 88 92 99 66 78 90
강감찬 213210037 90 78 93 98 65 78 91
신윤복 213210045 90 68 94 97 66 78 92
김홍도 213210055 90 58 95 96 66 78 93
이율곡 213210058 90 48 96 95 66 78 94
정약용 213210069 90 38 97 94 66 78 95
안중근 213210071 90 28 98 93 63 78 96
유관순 213210072 90 18 99 92 66 78 97
한용운 213210102 90 38 98 91 66 78 98
임꺽정 213210103 90 58 97 90 66 78 99
박문수 213300073 90 78 96 94 64 78 98
한석봉 210210014 90 98 95 96 66 78 97
김정호 211210032 90 28 94 98 66 78 96
홍경래 212210008 90 48 93 92 66 78 95
김옥균 212210019 90 68 92 94 65 78 94
윤동주 212210023 90 88 91 96 61 78 93
지석영 212210027 90 81 90 98 62 78 92
손병희 212210039 90 82 89 80 63 78 91
안창호 211210069 90 83 88 90 64 78 90
김광석 212210048 90 84 86 80 65 78 91
김대중 212210107 90 85 84 90 66 78 92
노무현 212210117 90 86 82 80 67 78 93
씨스타 212230044 90 87 82 90 68 78 94